P. 717. 768.
P. 778. 778.
P. 407. 501.
Ρ. 551. 757.
P. 647. 767.
Ρ. 695. 404.
Ρ. 778. 776.

Σ.
Σ. 76. 771.

Σ. 106. 777.
7. 174. 749.
7. 170. 710.
7. 405404.
Σ. 100. 707. ,
Σ. 770. 707.
Σ. 777. 777.
Σ. 794. 771.
Σ. 505. 550.
Σ. 545. 410.
Σ. 554. 554.
Σ. 505. 555.
Σ. 404. 500.
Σ. 407. 761.
Σ. 440. 707.
7. 474. 777.
7. 774. 500.
7. 555. 740.
7. 791. 774.

7. 477. 417]
Τ.

T. 11. 559.
T. 70. 554.
T. 70. 770.
T. 61. 768.

T. 86. 550.
T. 168. 771.
T. 186. 575.
T. 718. 797.
T. 778. 771.
T. 787. 571.
T. 556. 575.
T. 571. 419.
T. 476. 767.

x. 718. 707.

 

