Τ.

τ. 54. 998.
τ. 91. 969.
τ. 191. 961. 557.
7’. 200. 271.
τ. 985. 498.
7. 490. 540.
7. 599. 949.
7. 559. 556.

1).

υ. 94. 977.
υ. 98. 977.
v. 121. 599.
υ. 178. 556.

υ. 915. 498.
υ. 955. 995.
v. 566 986.
υ. 565. 947.
υ. 585. 560.

0.

φ. 97. 511.
0· 111. 511.
φ. 111. 511.
0· 151. 111.
φ. 111. 111.
0· 577. 515.
0· 111. 511.

1111111111 165.

11111111 16. 40. 184,
11111111 156-168. 479.
11111111 544.

1111111111 455. 458-446.
1111111111 199.
Ρ111111101111111 516.
P1110 162. 161981. 486.
11111111 416.

1)]’.11111111100-105, 170. ,

Ρο1111 544.
8111111 541.

615

φ. 515. 511.

χ.

χ. 7. 540.
χ. 98. 509.
χ. 56. 505.
χ. 189. 550.
χ. 954. 509.
χ. 501. 551.
χ. 518. 975. 404.
χ. 599. 540.
χ. 408. 499.
χ. 460. 971.
χ. 475. 967.

ψ.

4 ψ. 154. 545.

ψ. 171. 111. ,
0. 111. 111.
ψ. 551. 111.
0. 571. 511. ·

10.

ω. 55. 401.
ω. 144. 501.
ω. 199. 997.
ω. 944. 576.
ω. 949. 450.
ω. 505. 415.
ω. 598. 554.

1. 554. 970.

 

