β. 595. 267.
5. 410. 222.

γ.

γ. 55. 455.
y. 546. 589.
γ. 599. 557.
7. 555. 568.
γ. 567. 555.
y. 472. 595.

2.

δ. 65. 559. 565.
5. 107. 401.
δ. 195. 569.
δ. 555. 555.
δ. 555. 595.
δ. 669. 581.
2. 755. 455.
δ. 811. 571.

2.

ε. 55. 568.
ε. 87. 554.
, ε. 157. 567.

ε. 155. 571.
ε. 506. 501.
ε. 545. 504.
ε. 560. 594.
ε. 590. 509.
ε. 500. 570.
ε. 514. 578.
ε. 568. 565.
ε. 419. 570.
ε. 475. 570.

ζ.
ζ. 122. 555.

ἦ.

η. 555. 557.
n. 558555.
n. 550. 571.
η. 556. 557.

613

η. 589. 455.
n. 511-515. 557.
n. 511-516, 555.

5.

5. 55. 222.
5. 515. 555.
5. 555. 555.
5. 217. 555.
5. 555. 242. 559.
5. 555-555. 221.
5. 555. 555.
5. 555. 419.
5. 555. 292.
5. 555. 555.
5. 223. 222.

5.

5. 185. 555.
5. 189. 501.
5. 500. 597.
5. 506. 501.
5. 556. 568.
5. 541. 581.
5. 586. 555.
5. 548. 505.
5. 577. 568.
5. 596. 568.
5. 400. 597.
5. 419. 574.
5. 496. 559.

n·

κ. 105. 594.
55. 110. 454.
κ. 190. 516. 517.
55. 508. 581.
κ. 519. 568.
κ. 540. 574.
κ. 588. 540.
55. 596. 568.
κ. 448. 568.
κ. 501. 555.

 

